30
1 35 2 129
1 90 3 18
1 30 4 3
1 23 5 83
1 72 6 40
1 89 7 5
1 74 8 6
1 70 9 125
1 105 10 111
1 86 11 71
1 26 12 37
1 26 13 14
1 25 14 28
1 86 15 66
1 31 16 126
1 124 17 114
1 2 18 65
1 67 19 83
1 36 20 31
1 70 21 90
1 95 22 108
1 113 23 28
1 22 24 38
1 19 25 53
1 124 26 127
1 34 27 105
1 119 28 20
1 48 29 60
1 125 30 13
2 9 3 3
2 116 4 25
2 90 5 2
2 85 6 117
2 17 7 27
2 116 8 121
2 98 9 86
2 114 10 80
2 118 11 81
2 4 12 6
2 3 13 7
2 111 14 127
2 17 15 36
2 95 16 99
2 111 17 64
2 66 18 90
2 115 19 119
2 121 20 51
2 38 21 74
2 100 22 76
2 66 23 54
2 10 24 85
2 35 25 34
2 114 26 124
2 129 27 22
2 29 28 117
2 114 29 1
2 37 30 9
3 107 4 130
3 64 5 1
3 91 6 88
3 77 7 129
3 50 8 75
3 18 9 68
3 13 10 87
3 11 11 117
3 72 12 79
3 112 13 21
3 14 14 106
3 128 15 96
3 83 16 13
3 13 17 26
3 34 18 67
3 66 19 49
3 50 20 11
3 99 21 129
3 128 22 11
3 85 23 45
3 113 24 47
3 4 25 102
3 89 26 125
3 74 27 14
3 34 28 30
3 6 29 56
3 22 30 48
4 60 5 3
4 29 6 104
4 41 7 72
4 121 8 63
4 74 9 106
4 105 10 41
4 51 11 42
4 87 12 103
4 20 13 5
4 107 14 69
4 64 15 23
4 36 16 66
4 95 17 7
4 63 18 70
4 117 19 101
4 104 20 84
4 58 21 46
4 118 22 2
4 65 23 98
4 74 24 108
4 19 25 8
4 49 26 49
4 22 27 69
4 74 28 6
4 74 29 41
4 63 30 50
5 116 6 7
5 14 7 99
5 39 8 80
5 51 9 77
5 31 10 25
5 71 11 24
5 26 12 89
5 57 13 58
5 36 14 90
5 98 15 1
5 49 16 54
5 123 17 16
5 21 18 70
5 111 19 66
5 116 20 95
5 102 21 43
5 11 22 101
5 51 23 116
5 62 24 49
5 74 25 101
5 125 26 92
5 51 27 14
5 72 28 20
5 110 29 107
5 107 30 108
6 31 7 77
6 93 8 26
6 96 9 24
6 89 10 114
6 79 11 76
6 118 12 75
6 45 13 50
6 35 14 129
6 48 15 96
6 67 16 97
6 59 17 122
6 6 18 61
6 81 19 109
6 85 20 77
6 54 21 61
6 8 22 61
6 87 23 85
6 108 24 100
6 84 25 52
6 127 26 67
6 11 27 32
6 82 28 115
6 114 29 56
6 21 30 117
7 83 8 31
7 23 9 88
7 18 10 11
7 119 11 28
7 105 12 99
7 29 13 74
7 5 14 28
7 113 15 36
7 6 16 91
7 13 17 90
7 26 18 89
7 121 19 10
7 124 20 37
7 92 21 73
7 59 22 108
7 9 23 113
7 70 24 11
7 22 25 31
7 58 26 88
7 56 27 11
7 85 28 32
7 60 29 84
7 120 30 89
8 50 9 42
8 2 10 125
8 84 11 62
8 72 12 28
8 64 13 75
8 17 14 66
8 43 15 26
8 8 16 75
8 86 17 51
8 82 18 78
8 35 19 108
8 118 20 10
8 42 21 91
8 44 22 73
8 31 23 102
8 13 24 33
8 28 25 81
8 13 26 15
8 42 27 111
8 55 28 84
8 19 29 106
8 1 30 71
9 16 10 62
9 113 11 9
9 87 12 102
9 79 13 64
9 74 14 121
9 81 15 67
9 9 16 115
9 86 17 125
9 28 18 40
9 120 19 99
9 113 20 55
9 36 21 3
9 86 22 25
9 1 23 91
9 32 24 105
9 36 25 2
9 10 26 47
9 19 27 19
9 82 28 96
9 87 29 97
9 34 30 26
10 10 11 37
10 32 12 43
10 82 13 96
10 64 14 59
10 114 15 72
10 75 16 47
10 72 17 19
10 109 18 30
10 5 19 72
10 73 20 10
10 57 21 41
10 59 22 83
10 49 23 75
10 42 24 11
10 36 25 5
10 42 26 75
10 118 27 45
10 11 28 73
10 2 29 70
10 12 30 74
11 121 12 115
11 4 13 86
11 116 14 62
11 3 15 113
11 123 16 120
11 30 17 76
11 28 18 50
11 125 19 89
11 99 20 76
11 81 21 36
11 111 22 4
11 49 23 122
11 65 24 98
11 38 25 59
11 3 26 66
11 51 27 49
11 4 28 123
11 54 29 54
11 37 30 120
12 109 13 57
12 3 14 30
12 79 15 9
12 97 16 30
12 106 17 73
12 109 18 66
12 70 19 56
12 48 20 89
12 57 21 118
12 47 22 112
12 47 23 94
12 13 24 49
12 41 25 97
12 21 26 17
12 6 27 95
12 21 28 57
12 87 29 115
12 123 30 23
13 53 14 35
13 108 15 90
13 26 16 29
13 85 17 86
13 45 18 95
13 82 19 2
13 113 20 102
13 66 21 128
13 46 22 29
13 126 23 78
13 94 24 87
13 51 25 16
13 73 26 100
13 84 27 72
13 95 28 29
13 64 29 77
13 36 30 18
14 46 15 41
14 127 16 61
14 25 17 130
14 1 18 42
14 13 19 107
14 105 20 113
14 12 21 78
14 26 22 20
14 107 23 7
14 22 24 120
14 90 25 27
14 99 26 95
14 123 27 43
14 119 28 64
14 81 29 57
14 97 30 25
15 86 16 127
15 126 17 94
15 5 18 111
15 87 19 127
15 110 20 17
15 95 21 61
15 81 22 121
15 128 23 121
15 111 24 58
15 84 25 20
15 114 26 70
15 112 27 53
15 116 28 107
15 33 29 101
15 126 30 66
16 63 17 130
16 93 18 81
16 61 19 58
16 55 20 98
16 115 21 18
16 79 22 34
16 25 23 80
16 70 24 30
16 87 25 23
16 42 26 51
16 120 27 41
16 93 28 26
16 2 29 102
16 73 30 79
17 15 18 35
17 35 19 68
17 18 20 77
17 5 21 127
17 95 22 79
17 97 23 59
17 93 24 79
17 28 25 45
17 75 26 118
17 10 27 98
17 18 28 31
17 71 29 52
17 77 30 8
18 110 19 34
18 113 20 79
18 114 21 53
18 120 22 127
18 74 23 18
18 15 24 8
18 86 25 78
18 7 26 109
18 57 27 53
18 97 28 100
18 88 29 85
18 52 30 41
19 72 20 98
19 19 21 70
19 78 22 13
19 46 23 96
19 45 24 58
19 110 25 29
19 25 26 29
19 46 27 99
19 107 28 99
19 46 29 60
19 39 30 63
20 115 21 53
20 23 22 96
20 50 23 82
20 122 24 110
20 77 25 102
20 41 26 64
20 76 27 96
20 62 28 119
20 46 29 122
20 20 30 106
21 4 22 25
21 124 23 45
21 13 24 50
21 110 25 100
21 32 26 59
21 111 27 18
21 113 28 16
21 97 29 3
21 113 30 32
22 3 23 89
22 23 24 59
22 24 25 44
22 32 26 98
22 89 27 86
22 61 28 78
22 102 29 109
22 23 30 65
23 115 24 95
23 65 25 35
23 93 26 94
23 111 27 96
23 112 28 74
23 77 29 94
23 126 30 79
24 38 25 59
24 118 26 128
24 42 27 60
24 27 28 11
24 96 29 74
24 21 30 116
25 94 26 27
25 92 27 123
25 88 28 116
25 21 29 76
25 39 30 22
26 118 27 114
26 57 28 20
26 113 29 100
26 48 30 4
27 62 28 108
27 106 29 85
27 15 30 49
28 60 29 18
28 92 30 41
29 27 30 26
0